0.0 0.0 0.0 0.0 0.0 0.0 0.0 0.0 0.0 0.0 0.0 0.0 0.0 0.0 0.0 0.0 0.0 0.0 0.0 0.0 0.0 0.0 0.0 0.0 0.0 0.0 0.0 0.0 0.0 0.0 0.0 0.0 0.0 0.0 0.0 0.0 0.0 0.0 0.0 0.0 0.0 0.0 0.0 0.0 0.0 0.0 0.0 0.0 0.0 0.0 0.0 0.0 0.0 0.0 0.0 0.0 
0.0 0.0 0.0 0.0 0.0 0.0 0.0 0.0 0.0 0.0 0.0 0.0 0.0 0.0 0.0 0.0 0.0 0.0 0.0 0.0 0.0 0.0 0.0 0.0 0.0 0.0 0.0 0.0 0.0 0.0 0.0 0.0 0.0 0.0 0.0 0.0 0.0 0.0 0.0 0.0 0.0 0.0 0.0 0.0 0.0 0.0 0.0 0.0 0.0 0.0 0.0 0.0 0.0 0.0 0.0 0.0 
0.0 0.0 0.0 0.0 0.0 0.0 0.0 0.0 0.0 0.0 0.0 0.0 0.0 0.0 0.0 0.0 0.0 0.0 0.0 0.0 0.0 0.0 0.0 0.0 0.0 0.0 0.0 0.0 0.0 0.0 0.0 0.0 0.0 0.0 0.0 0.0 0.0 0.0 0.0 0.0 0.0 0.0 0.0 0.0 0.0 0.0 0.0 0.0 0.0 0.0 0.0 0.0 0.0 0.0 0.0 0.0 
0.0 0.0 0.0 0.0 0.0 0.0 0.0 0.0 0.0 0.0 0.0 0.0 0.0 0.0 0.0 0.0 0.0 0.0 0.0 0.0 0.0 0.0 0.0 0.0 0.0 0.0 0.0 0.0 0.0 0.0 0.0 0.0 0.0 0.0 0.0 0.0 0.0 0.0 0.0 0.0 0.0 0.0 0.0 0.0 0.0 0.0 0.0 0.0 0.0 0.0 0.0 0.0 0.0 0.0 0.0 0.0 
0.0 0.0 0.0 0.0 0.0 0.0 0.0 0.0 0.0 0.0 0.0 0.0 0.0 0.0 0.0 0.0 0.0 0.0 0.0 0.0 0.0 0.0 0.0 0.0 0.0 0.0 0.0 0.0 0.0 0.0 0.0 0.0 0.0 0.0 0.0 0.0 0.0 0.0 0.0 0.0 0.0 0.0 0.0 0.0 0.0 0.0 0.0 0.0 0.0 0.0 0.0 0.0 0.0 0.0 0.0 0.0 
0.0 0.0 0.0 0.0 0.0 0.0 0.0 0.0 0.0 0.0 0.0 0.0 0.0 0.0 0.0 0.0 0.0 0.0 0.0 0.0 0.0 0.0 0.0 0.0 0.0 0.0 0.0 0.0 0.0 0.0 0.0 0.0 0.0 0.0 0.0 0.0 0.0 0.0 0.0 0.0 0.0 0.0 0.0 0.0 0.0 0.0 0.0 0.0 0.0 0.0 0.0 0.0 0.0 0.0 0.0 0.0 
0.0 0.0 0.0 0.0 0.0 0.0 0.0 0.0 0.0 0.0 0.0 0.0 0.0 0.0 0.0 0.0 0.0 0.0 0.0 0.0 0.0 0.0 0.0 0.0 0.0 0.0 0.0 0.0 0.0 0.0 0.0 0.0 0.0 0.0 0.0 0.0 0.0 0.0 0.0 0.0 0.0 0.0 0.0 0.0 0.0 0.0 0.0 0.0 0.0 0.0 0.0 0.0 0.0 0.0 0.0 0.0 
0.0 0.0 0.0 0.0 0.0 0.0 0.0 0.0 0.0 0.0 0.0 0.0 0.0 0.0 0.0 0.0 0.0 0.0 0.0 0.0 0.0 0.0 0.0 0.0 0.0 0.0 0.0 0.0 0.0 0.0 0.0 0.0 0.0 0.0 0.0 0.0 0.0 0.0 0.0 0.0 0.0 0.0 0.0 0.0 0.0 0.0 0.0 0.0 0.0 0.0 0.0 0.0 0.0 0.0 0.0 0.0 
0.0 0.0 0.0 0.0 0.0 0.0 0.0 0.0 0.0 0.0 0.0 0.0 0.0 0.0 0.0 0.0 0.0 0.0 0.0 0.0 0.0 0.0 0.0 0.0 0.0 0.0 0.0 0.0 0.0 0.0 0.0 0.0 0.0 0.0 0.0 0.0 0.0 0.0 0.0 0.0 0.0 0.0 0.0 0.0 0.0 0.0 0.0 0.0 0.0 0.0 0.0 0.0 0.0 0.0 0.0 0.0 
0.0 0.0 0.0 0.0 0.0 0.0 0.0 0.0 0.0 0.0 0.0 0.0 0.0 0.0 0.0 0.0 0.0 0.0 0.0 0.0 0.0 0.0 0.0 0.0 0.0 0.0 0.0 0.0 0.0 0.0 0.0 0.0 0.0 0.0 0.0 0.0 0.0 0.0 0.0 0.0 0.0 0.0 0.0 0.0 0.0 0.0 0.0 0.0 0.0 0.0 0.0 0.0 0.0 0.0 0.0 0.0 
0.0 0.0 0.0 0.0 0.0 0.0 0.0 0.0 0.0 0.0 0.0 0.0 0.0 0.0 0.0 0.0 0.0 0.0 0.0 0.0 0.0 0.0 0.0 0.0 0.0 0.0 0.0 0.0 0.0 0.0 0.0 0.0 0.0 0.0 0.0 0.0 0.0 0.0 0.0 0.0 0.0 0.0 0.0 0.0 0.0 0.0 0.0 0.0 0.0 0.0 0.0 0.0 0.0 0.0 0.0 0.0 
0.0 0.0 0.0 0.0 0.0 0.0 0.0 0.0 0.0 0.0 0.0 0.0 0.0 0.0 0.0 0.0 0.0 0.0 0.0 0.0 0.0 0.0 0.0 0.0 0.0 0.0 0.0 0.0 0.0 0.0 0.0 0.0 0.0 0.0 0.0 0.0 0.0 0.0 0.0 0.0 0.0 0.0 0.0 0.0 0.0 0.0 0.0 0.0 0.0 0.0 0.0 0.0 0.0 0.0 0.0 0.0 
0.0 0.0 0.0 0.0 0.0 0.0 0.0 0.0 0.0 0.0 0.0 0.0 0.0 0.0 0.0 0.0 0.0 0.0 0.0 0.0 0.0 0.0 0.0 0.0 0.0 0.0 0.0 0.0 0.0 0.0 0.0 0.0 0.0 0.0 0.0 0.0 0.0 0.0 0.0 0.0 0.0 0.0 0.0 0.0 0.0 0.0 0.0 0.0 0.0 0.0 0.0 0.0 0.0 0.0 0.0 0.0 
0.0 0.0 0.0 0.0 0.0 0.0 0.0 0.0 0.0 0.0 0.0 0.0 0.0 0.0 0.0 0.0 0.0 0.0 0.0 0.0 0.0 0.0 0.0 0.0 0.0 0.0 0.0 0.0 0.0 0.0 0.0 0.0 0.0 0.0 0.0 0.0 0.0 0.0 0.0 0.0 0.0 0.0 0.0 0.0 0.0 0.0 0.0 0.0 0.0 0.0 0.0 0.0 0.0 0.0 0.0 0.0 
0.0 0.0 0.0 0.0 0.0 0.0 0.0 0.0 0.0 0.0 0.0 0.0 0.0 0.0 0.0 0.0 0.0 0.0 0.0 0.0 0.0 0.0 0.0 0.0 0.0 0.0 0.0 0.0 0.0 0.0 0.0 0.0 0.0 0.0 0.0 0.0 0.0 0.0 0.0 0.0 0.0 0.0 0.0 0.0 0.0 0.0 0.0 0.0 0.0 0.0 0.0 0.0 0.0 0.0 0.0 0.0 
0.0 0.0 0.0 0.0 0.0 0.0 0.0 0.0 0.0 0.0 0.0 0.0 0.0 0.0 0.0 0.0 0.0 0.0 0.0 0.0 0.0 0.0 0.0 0.0 0.0 0.0 0.0 0.0 0.0 0.0 0.0 0.0 0.0 0.0 0.0 0.0 0.0 0.0 0.0 0.0 0.0 0.0 0.0 0.0 0.0 0.0 0.0 0.0 0.0 0.0 0.0 0.0 0.0 0.0 0.0 0.0 
0.0 0.0 0.0 0.0 0.0 0.0 0.0 0.0 0.0 0.0 0.0 0.0 0.0 0.0 0.0 0.0 0.0 0.0 0.0 0.0 0.0 0.0 0.0 0.0 0.0 0.0 0.0 0.0 0.0 0.0 0.0 0.0 0.0 0.0 0.0 0.0 0.0 0.0 0.0 0.0 0.0 0.0 0.0 0.0 0.0 0.0 0.0 0.0 0.0 0.0 0.0 0.0 0.0 0.0 0.0 0.0 
0.0 0.0 0.0 0.0 0.0 0.0 0.0 0.0 0.0 0.0 0.0 0.0 0.0 0.0 0.0 0.0 0.0 0.0 0.0 0.0 0.0 0.0 0.0 0.0 0.0 0.0 0.0 0.0 0.0 0.0 0.0 0.0 0.0 0.0 0.0 0.0 0.0 0.0 0.0 0.0 0.0 0.0 0.0 0.0 0.0 0.0 0.0 0.0 0.0 0.0 0.0 0.0 0.0 0.0 0.0 0.0 
0.0 0.0 0.0 0.0 0.0 0.0 0.0 0.0 0.0 0.0 0.0 0.0 0.0 0.0 0.0 0.0 0.0 0.0 0.0 0.0 0.0 0.0 0.0 0.0 0.0 0.0 0.0 0.0 0.0 0.12499999999999997 0.0 0.0 0.0 0.0 0.0 0.0 0.0 0.0 0.0 0.0 0.0 0.0 0.0 0.0 0.0 0.0 0.0 0.0 0.0 0.0 0.0 0.0 0.0 0.0 0.0 0.0 
0.0 0.0 0.0 0.0 0.0 0.0 0.0 0.0 0.0 0.0 0.0 0.0 0.0 0.0 0.0 0.0 0.0 0.0 0.0 0.0 0.0 0.0 0.0 59.62499999999999 441.0 770.9999999999999 933.7499999999998 978.9999999999999 940.6249999999999 773.7499999999998 443.8749999999999 98.12499999999999 6.499999999999999 2.874999999999999 167.24999999999997 177.49999999999997 6.874999999999998 0.0 0.0 0.0 0.0 0.0 0.0 0.0 0.0 0.0 0.0 0.0 0.0 0.0 0.0 0.0 0.0 0.0 0.0 0.0 
0.0 0.0 0.0 0.0 0.0 0.0 0.0 0.0 0.0 0.0 0.0 0.0 0.0 0.0 0.0 0.0 0.0 0.0 0.0 0.0 0.0 23.5 511.8749999999999 1222.8749999999998 1450.3749999999995 1506.1249999999995 1554.2499999999995 1542.3749999999995 1503.7499999999995 1463.2499999999998 1446.4999999999998 1357.8749999999998 948.8749999999998 1011.7499999999998 1568.375 901.4999999999998 61.249999999999986 0.3749999999999999 0.0 0.0 0.0 0.0 0.0 0.0 0.0 0.0 0.0 0.0 0.0 0.0 0.0 0.0 0.0 0.0 0.0 0.0 
0.0 0.0 0.0 0.0 0.0 0.0 0.0 0.0 0.0 0.0 0.0 0.0 0.0 0.0 0.0 0.0 0.0 0.0 0.0 0.4999999999999999 73.74999999999999 873.6249999999998 1534.4999999999995 1743.7499999999995 1837.1249999999995 1890.4999999999998 1901.8749999999995 1893.3749999999995 1879.8749999999995 1829.2499999999995 1716.9999999999995 1576.4999999999995 1335.8749999999995 1214.25 1365.2499999999998 732.4999999999998 86.24999999999997 0.9999999999999998 0.0 0.0 0.0 0.0 0.0 0.0 0.0 0.0 0.0 0.0 0.0 0.0 0.0 0.0 0.0 0.0 0.0 0.0 
0.0 0.0 0.0 0.0 0.0 0.0 0.0 0.0 0.0 0.0 0.0 0.0 0.0 0.0 0.0 0.0 0.0 0.0 0.12499999999999997 44.74999999999999 901.6249999999998 1588.1249999999995 1842.2499999999995 1951.7499999999995 2011.7499999999995 2033.6249999999995 2036.9999999999995 2033.1249999999995 2018.4999999999995 1986.3749999999995 1921.1249999999995 1875.7499999999995 1861.4999999999995 1962.2499999999995 1762.1249999999995 720.4999999999999 105.12499999999997 1.8749999999999996 0.0 0.0 0.0 0.0 0.0 0.0 0.0 0.0 0.0 0.0 0.0 0.0 0.0 0.0 0.0 0.0 0.0 0.0 
0.0 0.0 0.0 0.0 0.0 0.0 0.0 0.0 0.0 0.0 0.0 0.0 0.0 0.0 0.0 0.0 0.0 0.0 0.7499999999999999 597.1249999999999 1469.8749999999998 1822.4999999999995 1990.2499999999995 2038.2499999999995 2039.9999999999995 2039.9999999999995 2039.9999999999995 2039.9999999999995 2039.3749999999995 2029.7499999999995 1994.1249999999995 2000.7499999999995 2039.9999999999995 2039.9999999999995 1853.1249999999995 954.1249999999998 335.0 19.124999999999993 0.3749999999999999 0.0 0.0 0.0 0.0 0.0 0.0 0.0 0.0 0.0 0.0 0.0 0.0 0.0 0.0 0.0 0.0 0.0 
0.0 0.0 0.0 0.0 0.0 0.0 0.0 0.0 0.0 0.0 0.0 0.0 0.0 0.0 0.0 0.0 0.0 0.0 160.74999999999997 1216.375 1701.6249999999995 1959.9999999999995 2036.9999999999995 2039.9999999999995 2039.9999999999995 2039.9999999999995 2039.9999999999995 2039.9999999999995 2039.9999999999995 2039.4999999999995 2017.2499999999995 1993.2499999999995 2038.8749999999995 2036.6249999999995 1806.7499999999995 1015.9999999999998 799.8749999999998 100.99999999999997 0.7499999999999999 0.0 0.0 0.0 0.0 0.0 0.0 0.0 0.0 0.0 0.0 0.0 0.0 0.0 0.0 0.0 0.0 0.0 
0.0 0.0 0.0 0.0 0.0 0.0 0.0 0.0 0.0 0.0 0.0 0.0 0.0 0.0 0.0 0.0 0.0 0.4999999999999999 666.4999999999998 1465.9999999999998 1833.2499999999995 2014.3749999999995 2039.9999999999995 2039.9999999999995 2039.9999999999995 2039.9999999999995 2039.9999999999995 2039.9999999999995 2039.9999999999995 2039.6249999999995 2017.2499999999995 1963.3749999999995 1973.4999999999995 1993.7499999999995 1674.6249999999995 854.4999999999999 444.8749999999999 536.7499999999999 19.0 0.0 0.0 0.0 0.0 0.0 0.0 0.0 0.0 0.0 0.0 0.0 0.0 0.0 0.0 0.0 0.0 0.0 
0.0 0.0 0.0 0.0 0.0 0.0 0.0 0.0 0.0 0.0 0.0 0.0 0.0 0.0 0.0 0.0 0.0 127.24999999999997 1082.4999999999998 1599.9999999999995 1876.4999999999998 2028.1249999999995 2039.9999999999995 2039.9999999999995 2039.9999999999995 2039.9999999999995 2039.9999999999995 2039.9999999999995 2039.7499999999995 2028.9999999999995 2002.1249999999995 1938.8749999999995 1890.9999999999995 1856.1249999999995 1559.1249999999998 1152.8749999999998 682.9999999999999 885.7499999999998 271.12499999999994 4.374999999999998 0.0 0.0 0.0 0.0 0.0 0.0 0.0 0.0 0.0 0.12499999999999997 0.0 0.0 0.0 0.0 0.0 0.0 
0.0 0.0 0.0 0.0 0.0 0.0 0.0 0.0 0.0 0.0 0.0 0.0 0.0 0.0 0.0 0.0 0.0 290.74999999999994 1202.1249999999998 1656.3749999999995 1885.7499999999998 2017.9999999999998 2039.9999999999995 2039.9999999999995 2039.9999999999995 2039.9999999999995 2039.9999999999995 2039.9999999999995 2039.9999999999995 2020.3749999999995 1952.7499999999995 1879.9999999999995 1845.3749999999995 1793.2499999999995 1615.7499999999998 1501.4999999999995 1572.7499999999998 1197.125 776.4999999999999 62.99999999999999 0.37499999999999994 0.0 0.0 0.0 0.0 0.0 0.0 0.0 0.0 0.0 0.0 0.0 0.0 0.0 0.0 0.0 
0.0 0.0 0.0 0.0 0.0 0.0 0.0 0.0 0.0 0.0 0.0 0.0 0.0 0.0 0.0 0.0 0.0 319.49999999999994 1216.6249999999998 1636.3749999999995 1845.9999999999995 2003.8749999999995 2039.8749999999995 2039.9999999999995 2039.9999999999995 2039.9999999999995 2039.9999999999995 2039.9999999999995 2035.8749999999995 1988.2499999999995 1920.8749999999995 1824.2499999999995 1787.9999999999995 1729.1249999999995 1643.1249999999995 1530.8749999999995 1477.2499999999995 1310.7499999999998 1176.375 976.3749999999998 563.2499999999998 272.49999999999994 43.74999999999999 0.37499999999999994 0.0 0.0 0.0 0.0 0.0 0.0 0.0 0.0 0.0 0.0 0.0 0.0 
0.0 0.0 0.0 0.0 0.0 0.0 0.0 0.0 0.0 0.0 0.0 0.0 0.0 0.0 0.0 0.0 0.0 380.99999999999994 1193.8749999999998 1536.8749999999995 1747.2499999999995 1941.6249999999998 2021.4999999999995 2030.6249999999995 1837.2499999999995 1391.1249999999998 1481.2499999999995 1926.7499999999995 1443.2499999999995 1514.4999999999995 1818.1249999999995 1757.3749999999995 1748.3749999999998 1704.8749999999995 1627.4999999999995 1532.5 1409.7499999999998 1294.6249999999998 1398.3749999999995 1815.7499999999995 1924.4999999999995 1812.4999999999995 1179.2499999999998 60.499999999999986 0.0 0.0 0.0 0.0 0.0 0.0 0.0 0.0 0.0 0.0 0.0 0.0 
0.0 0.0 0.0 0.0 0.0 0.0 0.0 0.0 0.0 0.0 0.0 0.0 0.0 0.0 0.0 0.0 0.0 316.49999999999994 1164.7499999999998 1410.2499999999998 1568.2499999999995 1797.3749999999995 1911.1249999999995 1798.3749999999995 775.25 677.2499999999999 685.2499999999998 877.2499999999998 670.9999999999999 592.5 1194.4999999999998 1686.1249999999995 1688.7499999999998 1653.1249999999998 1576.9999999999995 1449.7499999999998 1351.9999999999998 1252.1249999999998 1408.8749999999998 1912.8749999999995 2039.9999999999995 2037.1249999999995 1364.1249999999998 71.625 0.0 0.0 0.0 0.0 0.0 0.0 0.0 0.0 0.0 0.0 0.0 0.0 
0.0 0.0 0.0 0.0 0.0 0.0 0.0 0.0 0.0 0.0 0.0 0.0 0.0 0.0 0.0 0.0 0.0 168.99999999999997 1125.4999999999998 1373.6249999999998 1433.1249999999998 1654.7499999999995 1784.3749999999995 1518.1249999999995 649.4999999999999 610.6249999999999 585.5 576.75 566.25 550.875 834.7499999999998 1582.6249999999995 1577.4999999999995 1529.2499999999995 1450.9999999999995 1336.6249999999995 1213.875 1129.2499999999998 1292.8749999999998 1747.6249999999995 1902.6249999999995 1922.8749999999995 1057.125 46.62499999999999 0.0 0.0 0.0 0.0 0.0 0.0 0.0 0.0 0.0 0.0 0.0 0.0 
0.0 0.0 0.0 0.0 0.0 0.0 0.0 0.0 0.0 0.0 0.0 0.0 0.0 0.0 0.0 0.0 0.0 21.999999999999996 877.6249999999998 1423.9999999999998 1454.3749999999995 1598.6249999999995 1694.6249999999995 1673.8749999999998 863.3749999999999 577.9999999999999 538.25 525.375 509.8749999999999 473.4999999999999 1048.375 1483.75 1471.9999999999995 1407.7499999999995 1311.1249999999998 1195.0 1072.0 984.3749999999999 1089.9999999999998 1400.6249999999995 1527.9999999999995 1523.7499999999995 646.625 14.999999999999996 0.0 0.0 0.0 0.0 0.0 0.0 0.0 0.0 0.0 0.0 0.0 0.0 
0.0 0.0 0.0 0.0 0.0 0.0 0.0 0.0 0.0 0.0 0.0 0.0 0.0 0.0 0.0 0.0 0.0 0.0 406.12499999999994 1226.7499999999998 1455.1249999999995 1559.7499999999995 1657.2499999999995 1693.875 1613.2499999999998 922.3749999999998 528.1249999999999 500.1249999999999 477.6249999999999 955.1249999999998 1387.8749999999998 1374.7499999999998 1318.4999999999998 1232.9999999999998 1131.6249999999998 1015.4999999999998 876.1249999999998 745.4999999999998 658.8749999999998 710.8749999999999 786.9999999999998 769.3749999999998 258.87499999999994 0.7499999999999998 0.0 0.0 0.0 0.0 0.0 0.0 0.0 0.0 0.0 0.0 0.0 0.0 
0.0 0.0 0.0 0.0 0.0 0.0 0.0 0.0 0.0 0.0 0.0 0.0 0.0 0.0 0.0 0.0 0.0 0.0 43.99999999999999 763.2499999999998 1246.8749999999998 1363.7499999999995 1467.1249999999995 1518.7499999999998 1506.3749999999998 1464.1249999999998 1040.1249999999998 639.1249999999999 1122.3749999999998 1253.3749999999998 1224.3749999999998 1169.9999999999998 1108.4999999999998 1016.4999999999998 909.7499999999998 768.7499999999999 600.9999999999999 333.125 61.124999999999986 5.249999999999999 8.374999999999998 8.749999999999998 0.37499999999999994 0.0 0.0 0.0 0.0 0.0 0.0 0.0 0.0 0.0 0.0 0.0 0.0 0.0 
0.0 0.0 0.0 0.0 0.0 0.0 0.0 0.0 0.0 0.0 0.0 0.0 0.0 0.0 0.0 0.0 0.0 0.0 0.0 207.37499999999994 879.6249999999999 1076.7499999999995 1108.75 1115.3749999999998 1093.2499999999998 1075.4999999999998 1054.5 1028.3749999999998 1015.7499999999999 979.9999999999998 962.3749999999998 924.7499999999998 882.6249999999998 823.1249999999998 706.2499999999999 527.4999999999999 221.62499999999994 12.249999999999998 0.0 0.0 0.0 0.0 0.0 0.0 0.0 0.0 0.0 0.0 0.0 0.0 0.0 0.0 0.0 0.0 0.0 0.0 
0.0 0.0 0.0 0.0 0.0 0.0 0.0 0.0 0.0 0.0 0.0 0.0 0.0 0.0 0.0 0.0 0.0 0.0 0.0 3.624999999999999 633.1249999999999 987.8749999999998 881.4999999999998 725.6249999999998 582.125 542.7499999999999 584.6249999999999 645.75 678.2499999999999 710.8749999999998 738.9999999999998 748.3749999999999 736.8749999999998 672.9999999999999 476.6249999999999 125.99999999999997 0.37499999999999994 0.0 0.0 0.0 0.0 0.0 0.0 0.0 0.0 0.0 0.0 0.0 0.0 0.0 0.0 0.0 0.0 0.0 0.0 0.0 
0.0 0.0 0.0 0.0 0.0 0.0 0.0 0.0 0.0 0.0 0.0 0.0 0.0 0.0 0.0 0.0 0.0 0.0 0.0 0.0 342.3749999999999 1174.8749999999998 1174.7499999999998 932.8749999999998 633.2499999999999 358.8749999999999 266.24999999999994 284.12499999999994 314.125 390.3749999999999 570.4999999999999 773.2499999999999 856.3749999999999 685.1249999999999 131.99999999999997 0.0 0.0 0.0 0.0 0.0 0.0 0.0 0.0 0.0 0.0 0.0 0.0 0.0 0.0 0.0 0.0 0.0 0.0 0.0 0.0 0.0 
0.0 0.0 0.0 0.0 0.0 0.0 0.0 0.0 0.0 0.0 0.0 0.0 0.0 0.0 0.0 0.0 0.0 0.0 0.0 0.0 92.74999999999999 1152.7499999999998 1344.4999999999998 1063.7499999999998 443.3749999999999 16.124999999999996 0.0 0.0 0.0 50.999999999999986 854.9999999999998 1262.2499999999998 1121.1249999999998 526.2499999999999 6.249999999999998 0.0 0.0 0.0 0.0 0.0 0.0 0.0 0.0 0.0 0.0 0.0 0.0 0.0 0.0 0.0 0.0 0.0 0.0 0.0 0.0 0.0 
0.0 0.0 0.0 0.0 0.0 0.0 0.0 0.0 0.0 0.0 0.0 0.0 0.0 0.0 0.0 0.0 0.0 0.0 0.0 0.0 1.4999999999999998 562.7499999999999 948.3749999999998 584.2499999999999 57.749999999999986 0.0 0.0 0.0 0.0 0.0 440.2499999999999 1093.4999999999998 801.2499999999998 121.74999999999999 0.12499999999999997 0.0 0.0 0.0 0.0 0.0 0.0 0.0 0.0 0.0 0.0 0.0 0.0 0.0 0.0 0.0 0.0 0.0 0.0 0.0 0.0 0.0 
0.0 0.0 0.0 0.0 0.0 0.0 0.0 0.0 0.0 0.0 0.0 0.0 0.0 0.0 0.0 0.0 0.0 0.0 0.0 0.0 0.6249999999999999 27.374999999999993 40.12499999999999 11.749999999999998 0.0 0.0 0.0 0.0 0.0 0.0 9.749999999999998 29.999999999999993 10.249999999999998 0.0 0.0 0.0 0.0 0.0 0.0 0.0 0.0 0.0 0.0 0.0 0.0 0.0 0.0 0.0 0.0 0.0 0.0 0.0 0.0 0.0 0.0 0.0 
0.0 0.0 0.0 0.0 0.0 0.0 0.0 0.0 0.0 0.0 0.0 0.0 0.0 0.0 0.0 0.0 0.0 0.0 0.0 0.0 0.7499999999999999 35.49999999999999 52.874999999999986 25.374999999999993 0.7499999999999998 0.0 0.0 0.0 0.0 0.0 18.999999999999996 43.999999999999986 23.499999999999993 1.2499999999999998 0.0 0.0 0.0 0.0 0.0 0.0 0.0 0.0 0.0 0.0 0.0 0.0 0.0 0.0 0.0 0.0 0.0 0.0 0.0 0.0 0.0 0.0 
0.0 0.0 0.0 0.0 0.0 0.0 0.0 0.0 0.0 0.0 0.0 0.0 0.0 0.0 0.0 0.0 0.0 0.0 0.0 0.0 2.9999999999999996 27.749999999999996 35.87499999999999 21.499999999999993 3.624999999999999 0.0 0.0 0.0 0.0 0.24999999999999994 9.874999999999998 25.249999999999993 10.499999999999996 1.6249999999999996 0.0 0.0 0.0 0.0 0.0 0.0 0.0 0.0 0.0 0.0 0.0 0.0 0.0 0.0 0.0 0.0 0.0 0.0 0.0 0.0 0.0 0.0 
0.0 0.0 0.0 0.0 0.0 0.0 0.0 0.0 0.0 0.0 0.0 0.0 0.0 0.0 0.0 0.0 0.0 0.0 0.0 0.0 3.124999999999999 22.624999999999993 28.75 16.124999999999996 3.2499999999999996 0.12499999999999997 0.0 0.0 0.12499999999999997 0.8749999999999998 8.999999999999998 10.249999999999998 7.249999999999998 2.874999999999999 0.0 0.0 0.0 0.0 0.0 0.0 0.0 0.0 0.0 0.0 0.0 0.0 0.0 0.0 0.0 0.0 0.0 0.0 0.0 0.0 0.0 0.0 
0.0 0.0 0.0 0.0 0.0 0.0 0.0 0.0 0.0 0.0 0.0 0.0 0.0 0.0 0.0 0.0 0.0 0.0 0.0 0.24999999999999994 3.374999999999999 13.999999999999996 15.999999999999996 10.874999999999998 3.999999999999999 0.8749999999999998 0.24999999999999994 0.24999999999999994 0.24999999999999994 1.3749999999999996 4.999999999999999 5.874999999999998 2.9999999999999996 1.3749999999999998 0.12499999999999997 0.0 0.0 0.0 0.0 0.0 0.0 0.0 0.0 0.0 0.0 0.0 0.0 0.0 0.0 0.0 0.0 0.0 0.0 0.0 0.0 0.0 
0.0 0.0 0.0 0.0 0.0 0.0 0.0 0.0 0.0 0.0 0.0 0.0 0.0 0.0 0.0 0.0 0.0 0.0 0.0 0.12499999999999997 1.4999999999999996 9.499999999999998 12.249999999999996 13.374999999999996 6.749999999999998 2.1249999999999996 1.2499999999999998 1.1249999999999998 1.2499999999999998 1.4999999999999996 3.999999999999999 3.1249999999999996 1.4999999999999996 0.4999999999999999 0.12499999999999997 0.0 0.0 0.0 0.0 0.0 0.0 0.0 0.0 0.0 0.0 0.0 0.0 0.0 0.0 0.0 0.0 0.0 0.0 0.0 0.0 0.0 
0.0 0.0 0.0 0.0 0.0 0.0 0.0 0.0 0.0 0.0 0.0 0.0 0.0 0.0 0.0 0.0 0.0 0.0 0.0 0.0 0.9999999999999998 5.124999999999998 6.624999999999998 6.374999999999999 4.999999999999999 1.1249999999999998 0.24999999999999994 0.4999999999999999 1.1249999999999998 0.6249999999999999 2.3749999999999996 1.4999999999999998 1.6249999999999998 0.6249999999999998 0.0 0.12499999999999997 0.0 0.0 0.0 0.0 0.0 0.0 0.0 0.0 0.0 0.0 0.0 0.0 0.0 0.0 0.0 0.0 0.0 0.0 0.0 0.0 
0.0 0.0 0.0 0.0 0.0 0.0 0.0 0.0 0.0 0.0 0.0 0.0 0.0 0.0 0.0 0.0 0.0 0.0 0.0 0.0 0.24999999999999994 2.4999999999999996 2.7499999999999996 2.8749999999999996 2.4999999999999996 0.7499999999999998 0.8749999999999998 1.3749999999999998 1.1249999999999998 0.4999999999999999 2.3749999999999996 1.4999999999999998 1.6249999999999996 0.6249999999999999 0.12499999999999997 0.12499999999999997 0.0 0.0 0.0 0.0 0.0 0.0 0.0 0.0 0.0 0.0 0.0 0.0 0.0 0.0 0.0 0.0 0.0 0.0 0.0 0.0 
0.0 0.0 0.0 0.0 0.0 0.0 0.0 0.0 0.0 0.0 0.0 0.0 0.0 0.0 0.0 0.0 0.0 0.0 0.0 0.0 0.24999999999999994 0.8749999999999998 0.4999999999999999 0.9999999999999998 2.1249999999999996 0.12499999999999997 0.24999999999999994 0.24999999999999994 0.4999999999999999 0.8749999999999998 0.3749999999999999 1.7499999999999996 2.2499999999999996 0.9999999999999998 0.3749999999999999 0.3749999999999999 0.0 0.0 0.0 0.0 0.0 0.0 0.0 0.0 0.0 0.0 0.0 0.0 0.0 0.0 0.0 0.0 0.0 0.0 0.0 0.0 
0.0 0.0 0.0 0.0 0.0 0.0 0.0 0.0 0.0 0.0 0.0 0.0 0.0 0.0 0.0 0.0 0.0 0.0 0.0 0.0 0.0 0.12499999999999997 0.3749999999999999 0.6249999999999999 0.8749999999999998 0.3749999999999999 0.24999999999999994 0.6249999999999999 0.6249999999999998 0.3749999999999999 0.4999999999999999 0.7499999999999998 0.6249999999999999 0.12499999999999997 0.24999999999999994 0.0 0.0 0.0 0.0 0.0 0.0 0.0 0.0 0.0 0.0 0.0 0.0 0.0 0.0 0.0 0.0 0.0 0.0 0.0 0.0 0.0 
0.0 0.0 0.0 0.0 0.0 0.0 0.0 0.0 0.0 0.0 0.0 0.0 0.0 0.0 0.0 0.0 0.0 0.0 0.0 0.0 0.0 0.0 0.12499999999999997 0.24999999999999994 0.24999999999999994 0.3749999999999999 0.0 0.12499999999999997 0.0 0.3749999999999999 0.3749999999999999 0.4999999999999999 0.6249999999999999 0.0 0.0 0.0 0.0 0.0 0.0 0.0 0.0 0.0 0.0 0.0 0.0 0.0 0.0 0.0 0.0 0.0 0.0 0.0 0.0 0.0 0.0 0.0 
0.0 0.0 0.0 0.0 0.0 0.0 0.0 0.0 0.0 0.0 0.0 0.0 0.0 0.0 0.0 0.0 0.0 0.0 0.0 0.0 0.0 0.0 0.3749999999999999 0.12499999999999997 0.12499999999999997 0.0 0.0 0.0 0.12499999999999997 0.0 0.12499999999999997 0.0 0.12499999999999997 0.0 0.0 0.0 0.0 0.0 0.0 0.0 0.0 0.0 0.0 0.0 0.0 0.0 0.0 0.0 0.0 0.0 0.0 0.0 0.0 0.0 0.0 0.0 
